\e[49m                                                                \e[m
\e[49m                   \e[48;2;92;92;92m \e[38;2;153;153;153;48;2;92;92;92m▄\e[38;2;173;173;173;48;2;92;92;92m▄▄\e[38;2;92;92;92;49m▄\e[49m               \e[38;2;92;92;92;49m▄\e[38;2;173;173;172;48;2;92;92;92m▄\e[38;2;173;173;173;48;2;92;92;92m▄\e[38;2;153;153;153;48;2;92;92;92m▄\e[48;2;92;92;92m \e[49m                    \e[m
\e[49m                   \e[48;2;92;92;92m \e[48;2;153;153;153m   \e[38;2;153;153;153;48;2;173;173;173m▄\e[38;2;153;153;153;48;2;92;92;92m▄\e[38;2;92;92;92;49m▄▄\e[49m         \e[38;2;92;92;92;49m▄▄\e[38;2;153;153;153;48;2;92;92;92m▄\e[38;2;153;153;153;48;2;173;173;173m▄\e[48;2;153;153;153m \e[38;2;153;153;153;48;2;152;153;153m▄\e[48;2;153;153;153m \e[48;2;92;92;92m \e[49m                    \e[m
\e[49m                   \e[48;2;92;92;92m \e[48;2;153;153;153m       \e[38;2;153;153;153;48;2;92;92;92m▄\e[38;2;92;92;92;49m▄\e[49m     \e[38;2;92;93;92;49m▄\e[38;2;153;153;153;48;2;92;92;92m▄\e[48;2;153;153;153m       \e[48;2;92;92;92m \e[49m                    \e[m
\e[49m                   \e[48;2;92;92;92m \e[38;2;153;153;153;48;2;152;153;153m▄\e[48;2;153;153;153m    \e[38;2;153;153;153;48;2;152;153;153m▄\e[38;2;92;92;92;48;2;153;153;153m▄▄\e[38;2;153;153;153;48;2;92;92;92m▄\e[38;2;173;173;173;48;2;92;92;92m▄\e[38;2;153;153;153;48;2;92;92;92m▄▄▄\e[38;2;173;173;173;48;2;92;92;92m▄\e[38;2;153;153;153;48;2;92;92;92m▄\e[38;2;92;92;92;48;2;153;153;153m▄▄\e[48;2;153;153;153m \e[38;2;153;153;153;48;2;153;153;152m▄\e[48;2;153;153;153m    \e[48;2;92;92;92m \e[49m                    \e[m
\e[49m                   \e[48;2;92;92;92m \e[48;2;153;153;153m   \e[38;2;92;92;92;48;2;153;153;153m▄▄\e[38;2;173;173;173;48;2;92;92;92m▄\e[48;2;173;173;173m \e[38;2;133;133;133;48;2;153;153;153m▄▄\e[38;2;153;153;153;48;2;173;173;172m▄\e[38;2;133;133;133;48;2;153;153;153m▄▄▄\e[38;2;153;153;153;48;2;173;173;173m▄\e[38;2;133;133;133;48;2;153;153;153m▄▄\e[48;2;173;173;173m \e[38;2;173;173;173;48;2;92;92;92m▄\e[38;2;92;92;92;48;2;153;153;153m▄▄\e[48;2;153;153;153m   \e[48;2;92;92;92m \e[49m                    \e[m
\e[49m                   \e[48;2;92;92;92m \e[48;2;122;122;122m \e[38;2;122;122;122;48;2;152;153;153m▄\e[38;2;93;92;92;48;2;122;122;122m▄\e[38;2;153;153;153;48;2;92;92;92m▄\e[38;2;153;153;153;48;2;173;173;173m▄\e[48;2;153;153;153m        \e[38;2;152;153;153;48;2;153;153;153m▄\e[48;2;153;153;153m \e[38;2;153;153;153;48;2;153;153;152m▄\e[48;2;153;153;153m  \e[38;2;153;153;153;48;2;173;173;173m▄\e[38;2;153;153;153;48;2;92;92;92m▄\e[38;2;92;92;92;48;2;122;122;122m▄\e[38;2;122;122;122;48;2;153;153;153m▄\e[48;2;122;122;122m \e[48;2;92;92;92m \e[49m                    \e[m
\e[49m                   \e[49;38;2;92;92;92m▀\e[38;2;92;92;92;48;2;122;122;122m▄\e[48;2;92;92;92m \e[48;2;153;153;153m           \e[38;2;153;153;153;48;2;153;153;152m▄\e[38;2;153;153;153;48;2;152;153;153m▄\e[48;2;153;153;153m \e[38;2;153;153;153;48;2;152;153;153m▄\e[48;2;153;153;153m \e[48;2;153;152;153m \e[48;2;153;153;153m \e[38;2;153;153;153;48;2;152;153;153m▄\e[48;2;92;92;92m \e[38;2;92;92;92;48;2;122;122;122m▄\e[49;38;2;92;92;92m▀\e[49m                    \e[m
\e[49m                    \e[48;2;92;92;92m \e[48;2;153;153;153m   \e[38;2;153;153;152;48;2;153;153;153m▄\e[48;2;153;153;153m  \e[48;2;0;0;0m \e[38;2;255;254;243;48;2;0;0;0m▄\e[38;2;153;152;153;48;2;153;153;153m▄\e[48;2;153;153;153m    \e[48;2;0;0;0m \e[38;2;255;254;243;48;2;0;0;0m▄\e[48;2;153;153;153m      \e[48;2;92;92;92m \e[49m                     \e[m
\e[49m                    \e[48;2;92;92;92m \e[48;2;153;153;153m \e[38;2;153;152;153;48;2;153;153;153m▄\e[48;2;153;153;153m    \e[48;2;0;0;0m  \e[48;2;153;153;153m   \e[38;2;153;153;153;48;2;152;153;153m▄\e[48;2;153;153;153m \e[48;2;0;0;0m \e[38;2;1;0;0;48;2;0;0;0m▄\e[48;2;153;153;153m  \e[38;2;153;153;152;48;2;153;153;153m▄\e[48;2;153;153;153m   \e[38;2;92;92;93;48;2;92;92;92m▄\e[49m                     \e[m
\e[49m                    \e[48;2;92;92;92m \e[48;2;153;153;153m      \e[38;2;153;153;153;48;2;0;0;0m▄▄\e[48;2;153;153;153m  \e[38;2;153;152;153;48;2;153;153;153m▄\e[48;2;153;153;153m  \e[38;2;153;153;153;48;2;0;0;0m▄▄\e[38;2;153;153;152;48;2;153;153;153m▄\e[48;2;153;153;153m     \e[38;2;92;92;92;48;2;93;92;92m▄\e[49m    \e[38;2;92;92;92;49m▄▄\e[38;2;173;173;173;48;2;92;92;92m▄▄▄▄\e[38;2;173;173;173;48;2;92;93;92m▄\e[48;2;92;92;92m \e[38;2;92;92;92;49m▄\e[49m        \e[m
\e[49m                    \e[49;38;2;92;92;92m▀\e[38;2;92;92;92;48;2;153;153;153m▄\e[48;2;153;153;153m \e[38;2;153;152;153;48;2;153;153;153m▄\e[48;2;153;153;153m       \e[38;2;153;153;152;48;2;153;153;153m▄\e[48;2;153;153;153m        \e[38;2;153;153;152;48;2;153;153;153m▄\e[38;2;92;92;92;48;2;153;153;153m▄\e[49;38;2;92;92;92m▀\e[49m \e[38;2;92;92;92;49m▄\e[48;2;92;92;92m \e[38;2;153;153;153;48;2;92;92;92m▄▄\e[38;2;153;153;153;48;2;173;173;173m▄\e[48;2;153;153;153m    \e[38;2;153;153;153;48;2;153;152;153m▄\e[48;2;153;153;153m \e[38;2;153;153;153;48;2;173;173;173m▄\e[48;2;92;92;92m \e[49m       \e[m
\e[49m                     \e[49;38;2;92;92;92m▀\e[38;2;92;92;92;48;2;122;122;122m▄\e[38;2;122;122;122;48;2;143;143;143m▄\e[38;2;143;143;143;48;2;153;152;153m▄\e[48;2;153;153;153m   \e[38;2;224;224;224;48;2;153;153;153m▄\e[38;2;224;224;224;48;2;224;225;224m▄\e[38;2;0;0;0;48;2;224;224;224m▄\e[38;2;224;224;224;48;2;0;0;0m▄\e[38;2;0;0;0;48;2;224;224;224m▄\e[48;2;224;224;224m \e[38;2;224;224;224;48;2;153;153;153m▄\e[48;2;153;153;153m   \e[38;2;143;143;143;48;2;153;153;153m▄\e[38;2;122;122;122;48;2;143;143;143m▄\e[38;2;92;92;92;48;2;122;122;122m▄\e[49;38;2;92;92;92m▀\e[49m  \e[48;2;92;92;92m \e[38;2;152;153;153;48;2;153;153;153m▄\e[48;2;153;153;153m  \e[38;2;92;92;92;48;2;153;153;153m▄\e[48;2;92;92;92m \e[49;38;2;92;92;92m▀▀▀\e[48;2;92;92;92m \e[38;2;92;92;92;48;2;153;153;153m▄▄\e[49;38;2;92;92;92m▀\e[49m       \e[m
\e[49m                       \e[48;2;92;92;92m \e[38;2;92;92;92;48;2;122;122;122m▄\e[38;2;122;122;122;48;2;143;143;143m▄\e[38;2;143;143;143;48;2;153;152;153m▄\e[38;2;204;204;204;48;2;224;224;224m▄\e[48;2;224;224;224m \e[38;2;224;224;224;48;2;0;0;0m▄\e[48;2;224;224;224m   \e[38;2;224;224;224;48;2;0;0;0m▄\e[48;2;224;224;224m \e[38;2;204;204;204;48;2;224;224;224m▄\e[38;2;143;143;143;48;2;153;153;153m▄\e[38;2;122;122;122;48;2;143;143;143m▄\e[38;2;92;92;92;48;2;122;122;122m▄\e[48;2;92;92;92m \e[49m    \e[48;2;92;92;92m \e[48;2;153;153;153m  \e[38;2;153;153;153;48;2;153;152;153m▄\e[48;2;92;92;92m \e[49m               \e[m
\e[49m                         \e[49;38;2;92;92;92m▀\e[38;2;92;92;92;48;2;122;122;122m▄\e[38;2;92;92;92;48;2;184;184;184m▄\e[38;2;184;184;184;48;2;204;204;204m▄▄▄▄▄▄▄\e[38;2;92;92;92;48;2;184;184;184m▄\e[38;2;92;92;92;48;2;122;122;122m▄\e[49;38;2;92;92;92m▀\e[49m      \e[48;2;92;92;92m \e[48;2;122;122;122m \e[48;2;153;153;153m  \e[38;2;153;153;153;48;2;152;153;153m▄\e[38;2;173;173;173;48;2;92;92;92m▄\e[38;2;92;92;92;49m▄\e[49m             \e[m
\e[49m                            \e[49;38;2;92;92;92m▀\e[48;2;92;92;92m \e[38;2;122;122;122;48;2;92;92;92m▄▄\e[38;2;122;122;122;48;2;92;92;93m▄\e[48;2;92;92;92m \e[49;38;2;92;92;92m▀\e[49m          \e[38;2;93;92;92;48;2;92;92;92m▄\e[48;2;122;122;122m \e[38;2;122;122;122;48;2;153;153;153m▄\e[48;2;153;153;153m  \e[38;2;173;173;173;48;2;92;92;92m▄\e[38;2;92;92;92;49m▄\e[49m            \e[m
\e[49m                          \e[38;2;92;92;92;49m▄\e[48;2;92;92;92m \e[38;2;153;153;153;48;2;92;92;92m▄\e[48;2;122;122;122m   \e[38;2;122;123;122;48;2;122;122;122m▄\e[48;2;122;122;122m \e[38;2;153;153;153;48;2;92;92;92m▄\e[48;2;92;92;92m \e[38;2;93;92;92;49m▄\e[49m         \e[49;38;2;92;92;92m▀\e[48;2;92;92;92m \e[38;2;92;92;92;48;2;153;153;153m▄\e[48;2;153;153;153m  \e[38;2;153;153;153;48;2;173;173;173m▄\e[38;2;173;173;173;48;2;92;92;92m▄\e[38;2;92;92;92;49m▄\e[49m          \e[m
\e[49m                         \e[38;2;92;92;92;49m▄\e[48;2;92;92;92m \e[48;2;153;153;153m  \e[38;2;153;153;153;48;2;153;152;153m▄\e[48;2;153;153;153m \e[38;2;153;153;153;48;2;122;122;122m▄▄\e[48;2;153;153;153m   \e[48;2;92;92;92m \e[38;2;92;92;92;49m▄\e[49m          \e[48;2;92;92;92m \e[48;2;153;153;153m   \e[38;2;153;153;153;48;2;173;173;173m▄\e[48;2;92;92;92m  \e[49m         \e[m
\e[49m                         \e[48;2;92;92;92m \e[38;2;153;153;152;48;2;153;153;153m▄\e[48;2;153;153;153m  \e[38;2;153;153;153;48;2;153;153;152m▄\e[48;2;153;153;153m \e[38;2;224;224;224;48;2;153;153;153m▄▄\e[48;2;153;153;153m \e[38;2;153;153;153;48;2;152;153;153m▄\e[48;2;153;153;153m  \e[48;2;92;92;92m \e[49m          \e[49;38;2;92;92;92m▀\e[38;2;92;92;92;48;2;153;153;153m▄\e[48;2;153;153;153m    \e[48;2;92;92;92m \e[49m         \e[m
\e[49m                        \e[48;2;92;92;92m \e[38;2;152;153;153;48;2;153;153;153m▄\e[48;2;153;153;153m   \e[38;2;224;224;224;48;2;153;153;153m▄\e[48;2;224;224;224m  \e[38;2;224;224;225;48;2;224;224;224m▄\e[38;2;224;224;224;48;2;153;153;153m▄\e[48;2;153;153;153m    \e[48;2;92;92;92m \e[49m          \e[38;2;92;92;92;48;2;92;92;93m▄\e[48;2;153;153;153m    \e[38;2;92;92;92;48;2;93;92;92m▄\e[49m         \e[m
\e[49m                       \e[38;2;92;92;92;49m▄\e[38;2;153;153;153;48;2;92;92;92m▄\e[48;2;153;153;153m    \e[48;2;224;224;224m  \e[38;2;224;224;224;48;2;224;224;225m▄\e[48;2;224;224;224m  \e[48;2;153;153;153m    \e[38;2;153;153;153;48;2;92;92;92m▄\e[38;2;92;92;92;49m▄\e[49m         \e[48;2;92;92;92m \e[48;2;153;153;153m   \e[38;2;152;153;153;48;2;153;153;153m▄\e[48;2;92;92;92m \e[49m         \e[m
\e[49m                      \e[38;2;92;92;92;49m▄\e[48;2;92;92;92m \e[48;2;153;153;153m     \e[48;2;92;92;92m \e[48;2;224;224;224m   \e[48;2;92;92;92m \e[48;2;153;153;153m     \e[48;2;92;92;92m \e[38;2;92;92;92;49m▄\e[49m        \e[48;2;92;92;92m \e[48;2;153;153;153m   \e[38;2;122;122;122;48;2;153;153;153m▄\e[38;2;92;92;92;48;2;93;92;92m▄\e[49m         \e[m
\e[49m                     \e[48;2;92;92;92m \e[48;2;153;153;153m \e[48;2;92;92;92m \e[48;2;153;153;153m     \e[48;2;92;92;92m \e[38;2;224;224;224;48;2;224;224;225m▄\e[48;2;224;224;224m  \e[48;2;92;92;92m \e[48;2;153;153;153m     \e[38;2;93;92;92;48;2;92;92;92m▄\e[48;2;153;153;153m \e[48;2;92;92;92m \e[49m   \e[38;2;92;92;92;49m▄▄\e[48;2;92;92;92m \e[38;2;153;153;153;48;2;92;92;92m▄▄\e[48;2;153;153;153m  \e[48;2;122;122;122m \e[48;2;92;92;92m  \e[49m         \e[m
\e[49m                    \e[48;2;92;92;92m \e[38;2;153;153;153;48;2;92;92;92m▄\e[48;2;153;153;153m \e[38;2;93;92;92;48;2;92;92;92m▄\e[48;2;153;153;153m     \e[48;2;92;92;92m \e[48;2;224;224;224m   \e[48;2;92;92;92m \e[48;2;153;153;153m     \e[38;2;93;92;92;48;2;92;92;92m▄\e[48;2;153;153;153m \e[48;2;92;92;92m \e[49m  \e[48;2;92;92;92m \e[38;2;153;153;153;48;2;92;92;92m▄\e[48;2;153;153;153m \e[38;2;153;153;153;48;2;152;153;153m▄\e[38;2;153;153;152;48;2;153;153;153m▄\e[38;2;122;122;122;48;2;153;153;153m▄▄\e[38;2;92;92;92;48;2;122;122;122m▄\e[48;2;92;92;92m \e[49;38;2;92;92;92m▀\e[49m          \e[m
\e[49m                    \e[48;2;92;92;92m \e[48;2;153;153;153m  \e[48;2;92;92;92m \e[48;2;153;153;153m   \e[38;2;153;153;153;48;2;153;153;152m▄\e[48;2;153;153;153m \e[48;2;92;92;92m \e[48;2;224;224;224m   \e[48;2;92;92;92m \e[48;2;153;153;153m     \e[48;2;92;92;92m \e[48;2;153;153;153m \e[38;2;153;153;153;48;2;92;92;92m▄\e[48;2;92;92;92m \e[38;2;153;153;153;49m▄\e[38;2;153;153;153;48;2;92;92;92m▄\e[38;2;122;122;122;48;2;153;153;153m▄\e[48;2;122;122;122m  \e[38;2;92;92;92;48;2;122;122;123m▄\e[38;2;92;92;92;48;2;122;122;122m▄\e[49;38;2;92;92;92m▀▀\e[49m            \e[m
\e[49m                   \e[38;2;92;93;92;48;2;92;92;92m▄\e[38;2;153;153;152;48;2;92;92;92m▄\e[48;2;153;153;153m  \e[48;2;92;92;92m \e[38;2;153;153;152;48;2;153;153;153m▄\e[48;2;153;153;153m  \e[38;2;152;153;153;48;2;153;153;153m▄\e[48;2;153;153;153m \e[48;2;92;92;92m \e[48;2;224;224;224m   \e[48;2;92;92;92m \e[48;2;153;153;153m    \e[38;2;153;153;152;48;2;153;153;153m▄\e[48;2;92;92;92m \e[48;2;153;153;153m \e[38;2;153;152;153;48;2;153;153;153m▄\e[38;2;153;153;153;48;2;92;92;92m▄\e[48;2;92;92;92m \e[48;2;122;122;122m \e[38;2;92;92;92;48;2;122;122;122m▄\e[48;2;92;92;92m \e[49;38;2;92;92;92m▀\e[49m                \e[m
\e[49m                   \e[48;2;92;92;92m \e[48;2;153;153;153m   \e[48;2;92;92;92m \e[48;2;153;153;153m   \e[38;2;152;153;153;48;2;153;153;153m▄\e[48;2;153;153;153m \e[48;2;92;92;92m \e[48;2;224;224;224m   \e[48;2;92;92;92m \e[48;2;153;153;153m     \e[48;2;92;92;92m \e[48;2;153;153;153m   \e[38;2;92;92;92;48;2;93;92;92m▄\e[48;2;122;122;122m \e[48;2;92;92;92m \e[49m                  \e[m
\e[49m                   \e[48;2;92;92;92m \e[48;2;153;153;153m   \e[48;2;92;92;92m \e[48;2;153;153;153m \e[38;2;153;153;152;48;2;153;153;153m▄\e[48;2;153;153;153m \e[38;2;153;153;153;48;2;152;153;153m▄\e[48;2;153;153;153m \e[48;2;92;92;92m \e[48;2;204;204;204m \e[38;2;204;204;204;48;2;224;224;224m▄▄\e[48;2;92;92;92m \e[48;2;153;153;153m     \e[48;2;92;92;92m \e[48;2;153;153;153m   \e[48;2;92;92;92m \e[38;2;92;92;92;48;2;122;122;122m▄\e[49;38;2;92;92;92m▀\e[49m                  \e[m
\e[49m                   \e[48;2;92;92;92m \e[38;2;153;153;153;48;2;152;153;153m▄\e[48;2;153;153;153m  \e[48;2;92;92;92m \e[48;2;122;122;122m \e[38;2;122;122;122;48;2;153;153;153m▄\e[38;2;153;153;153;48;2;153;153;152m▄\e[38;2;122;122;122;48;2;153;153;153m▄\e[48;2;122;122;122m \e[48;2;92;92;92m \e[48;2;204;204;204m   \e[38;2;92;93;92;48;2;92;92;92m▄\e[48;2;122;122;122m \e[38;2;122;122;122;48;2;153;153;153m▄\e[48;2;153;153;153m \e[38;2;122;122;122;48;2;153;153;153m▄\e[48;2;122;122;122m \e[48;2;92;92;92m \e[48;2;153;153;153m \e[38;2;153;153;152;48;2;153;153;153m▄\e[49;38;2;153;153;153m▀\e[38;2;153;153;153;48;2;92;92;92m▄\e[38;2;92;92;92;49m▄\e[49m                   \e[m
\e[49m                \e[38;2;92;92;92;49m▄\e[38;2;153;153;153;48;2;92;93;92m▄\e[38;2;153;153;153;48;2;92;92;92m▄▄\e[48;2;153;153;153m  \e[38;2;92;92;92;48;2;153;153;153m▄\e[38;2;122;122;122;48;2;92;92;92m▄\e[38;2;122;122;122;48;2;122;122;123m▄\e[48;2;122;122;122m    \e[38;2;122;122;122;48;2;92;92;92m▄\e[38;2;92;92;92;48;2;204;204;204m▄\e[48;2;204;204;204m  \e[38;2;122;122;122;48;2;92;92;92m▄\e[48;2;122;122;122m     \e[38;2;122;122;122;48;2;92;92;92m▄\e[38;2;92;92;92;48;2;153;153;153m▄\e[48;2;153;153;153m  \e[38;2;153;153;153;48;2;92;92;92m▄\e[38;2;153;153;152;48;2;92;92;92m▄\e[38;2;153;153;153;48;2;92;92;92m▄\e[38;2;92;92;92;49m▄\e[49m                 \e[m
\e[49m                \e[49;38;2;92;92;92m▀\e[38;2;92;92;92;48;2;122;122;122m▄▄▄\e[38;2;92;92;92;48;2;153;153;153m▄▄\e[48;2;92;92;92m \e[38;2;92;92;92;48;2;122;122;122m▄\e[48;2;92;92;92m \e[38;2;92;92;92;48;2;122;122;122m▄\e[48;2;92;92;92m \e[38;2;92;92;92;48;2;122;122;122m▄\e[48;2;92;92;92m \e[38;2;92;92;92;48;2;122;122;122m▄\e[48;2;92;92;92m \e[38;2;92;92;92;48;2;204;204;204m▄▄\e[38;2;92;92;92;48;2;122;122;122m▄\e[48;2;92;92;92m \e[38;2;92;92;92;48;2;122;122;122m▄\e[48;2;92;92;92m \e[38;2;92;92;92;48;2;122;122;122m▄\e[48;2;92;92;92m \e[38;2;92;92;92;48;2;122;122;122m▄\e[48;2;92;92;92m \e[38;2;92;92;92;48;2;153;153;153m▄▄\e[38;2;92;92;92;48;2;122;122;122m▄▄▄\e[49;38;2;92;92;92m▀\e[49m                 \e[m
\e[49m                                                                \e[m
