\e[49m     \e[38;2;1;0;0;48;2;0;0;0m▄\e[48;2;231;195;111m \e[38;2;231;195;111;48;2;0;0;0m▄\e[38;2;23;20;22;49m▄\e[49m         \e[38;2;0;0;0;49m▄\e[38;2;231;195;111;48;2;0;0;0m▄\e[48;2;231;195;111m \e[38;2;1;0;0;48;2;0;0;0m▄\e[49m          \e[m
\e[49m    \e[48;2;0;0;0m \e[48;2;223;183;196m \e[38;2;223;183;197;48;2;0;0;0m▄\e[38;2;0;0;0;48;2;209;125;50m▄\e[48;2;231;195;111m \e[38;2;231;195;111;48;2;23;20;22m▄\e[38;2;23;20;22;49m▄\e[49m     \e[38;2;23;20;22;49m▄\e[38;2;231;195;111;48;2;12;12;12m▄\e[38;2;209;125;50;48;2;231;195;111m▄\e[38;2;0;0;0;48;2;231;195;111m▄\e[38;2;223;182;196;48;2;0;0;0m▄\e[38;2;223;183;196;48;2;223;183;197m▄\e[48;2;0;0;0m \e[49m         \e[m
\e[49m    \e[48;2;0;0;0m \e[48;2;223;183;196m \e[38;2;223;183;196;48;2;223;182;196m▄\e[38;2;209;173;185;48;2;0;0;0m▄\e[38;2;0;1;0;48;2;231;195;111m▄\e[38;2;23;20;22;48;2;231;195;111m▄\e[38;2;22;20;22;48;2;231;195;111m▄\e[38;2;231;195;111;48;2;23;20;22m▄\e[38;2;209;125;50;48;2;23;20;22m▄\e[38;2;231;195;111;48;2;23;20;22m▄\e[38;2;209;125;50;48;2;23;21;22m▄\e[38;2;231;195;111;48;2;23;20;22m▄\e[38;2;22;20;22;48;2;231;195;111m▄\e[38;2;23;20;22;48;2;231;194;111m▄\e[38;2;0;0;0;48;2;231;195;111m▄\e[38;2;209;173;185;48;2;0;0;0m▄\e[38;2;223;183;196;48;2;222;183;196m▄\e[48;2;223;183;196m \e[48;2;0;0;0m \e[49m         \e[m
\e[49m    \e[38;2;0;0;1;48;2;0;0;0m▄\e[48;2;223;183;196m  \e[38;2;231;195;111;48;2;209;173;185m▄\e[38;2;230;195;111;48;2;231;195;111m▄\e[38;2;230;194;110;48;2;231;195;111m▄\e[48;2;231;195;111m  \e[48;2;209;125;50m \e[38;2;231;194;111;48;2;231;195;111m▄\e[38;2;209;125;50;48;2;209;125;51m▄\e[48;2;231;195;111m \e[38;2;231;195;111;48;2;231;194;111m▄\e[48;2;231;195;111m  \e[38;2;231;195;111;48;2;209;172;185m▄\e[38;2;231;195;111;48;2;223;183;196m▄\e[48;2;223;183;196m \e[48;2;0;0;0m \e[49m         \e[m
\e[49m     \e[48;2;0;0;0m \e[38;2;231;195;111;48;2;23;20;22m▄\e[48;2;231;195;111m \e[38;2;0;0;0;48;2;231;195;111m▄▄▄▄\e[48;2;231;195;111m \e[38;2;231;195;111;48;2;231;194;110m▄\e[48;2;231;195;111m \e[38;2;1;0;0;48;2;231;195;111m▄\e[38;2;0;0;0;48;2;231;195;111m▄▄▄\e[38;2;231;195;110;48;2;231;195;111m▄\e[38;2;231;195;110;48;2;23;20;22m▄\e[48;2;0;0;0m \e[49m          \e[m
\e[49m   \e[38;2;0;0;1;49m▄\e[49m \e[48;2;0;0;0m \e[38;2;231;195;111;48;2;231;194;111m▄\e[48;2;0;0;0m \e[48;2;241;228;231m \e[38;2;1;0;0;48;2;0;0;1m▄\e[48;2;48;80;13m \e[38;2;76;121;20;48;2;48;80;13m▄\e[48;2;231;195;111m  \e[38;2;231;195;111;48;2;230;195;111m▄\e[48;2;241;228;231m \e[48;2;0;0;1m \e[38;2;48;80;13;48;2;48;81;13m▄\e[38;2;76;121;20;48;2;0;0;0m▄\e[48;2;0;0;0m \e[38;2;231;195;110;48;2;230;195;111m▄\e[38;2;0;0;0;48;2;1;0;0m▄\e[49m \e[38;2;0;0;0;49m▄\e[49m        \e[m
\e[49m    \e[49;38;2;0;0;0m▀\e[38;2;0;0;0;48;2;231;195;110m▄\e[38;2;0;0;0;48;2;231;195;111m▄\e[48;2;231;195;111m \e[38;2;231;194;111;48;2;0;0;0m▄\e[38;2;231;195;111;48;2;0;0;0m▄\e[38;2;231;195;111;48;2;76;121;20m▄\e[38;2;231;195;111;48;2;76;120;20m▄\e[38;2;231;195;110;48;2;231;195;111m▄\e[48;2;231;195;111m  \e[38;2;231;195;111;48;2;0;0;0m▄▄\e[38;2;231;195;111;48;2;76;121;20m▄▄\e[38;2;231;195;111;48;2;231;194;111m▄\e[38;2;0;0;0;48;2;231;195;111m▄\e[38;2;0;0;0;48;2;231;195;110m▄\e[49;38;2;0;0;0m▀\e[49m    \e[38;2;0;0;0;49m▄\e[48;2;0;0;0m \e[49m   \e[m
\e[49m     \e[38;2;1;0;0;48;2;0;0;1m▄\e[38;2;171;95;35;48;2;231;195;111m▄\e[38;2;209;125;51;48;2;231;194;111m▄\e[38;2;231;195;111;48;2;209;125;50m▄\e[38;2;231;195;110;48;2;209;125;51m▄\e[48;2;231;195;111m \e[38;2;231;194;110;48;2;231;195;111m▄\e[48;2;231;195;111m \e[38;2;231;195;111;48;2;0;0;0m▄\e[48;2;231;195;111m    \e[38;2;231;195;110;48;2;209;125;51m▄\e[38;2;231;195;111;48;2;209;125;50m▄\e[38;2;171;95;35;48;2;231;195;111m▄\e[48;2;0;0;0m \e[49m  \e[38;2;23;21;22;49m▄\e[38;2;209;125;50;48;2;23;20;22m▄\e[38;2;231;195;111;48;2;23;20;22m▄\e[38;2;1;0;0;48;2;231;195;110m▄\e[49;38;2;1;0;0m▀\e[49m   \e[m
\e[49m     \e[49;38;2;0;0;0m▀\e[38;2;0;0;0;48;2;214;177;95m▄\e[38;2;214;177;95;48;2;231;195;111m▄\e[38;2;0;0;0;48;2;231;194;111m▄\e[38;2;231;195;110;48;2;231;195;111m▄\e[48;2;231;195;111m  \e[38;2;208;125;50;48;2;231;195;110m▄\e[48;2;231;195;111m \e[38;2;209;125;50;48;2;231;195;111m▄\e[38;2;231;194;111;48;2;231;195;111m▄\e[48;2;231;195;111m  \e[38;2;0;0;0;48;2;231;195;111m▄\e[38;2;215;177;95;48;2;231;195;111m▄\e[38;2;0;0;0;48;2;214;177;95m▄\e[49;38;2;0;1;0m▀\e[49m \e[38;2;22;20;22;48;2;23;20;22m▄\e[48;2;231;195;111m \e[38;2;231;195;111;48;2;209;125;50m▄\e[38;2;231;195;111;48;2;1;0;0m▄\e[38;2;0;0;0;49m▄\e[38;2;1;0;0;49m▄\e[49m   \e[m
\e[49m       \e[49;38;2;0;0;0m▀\e[49m \e[49;38;2;0;0;0m▀\e[48;2;23;20;22m \e[38;2;214;177;95;48;2;23;20;22m▄▄\e[38;2;214;177;94;48;2;23;20;22m▄\e[38;2;214;177;95;48;2;22;20;22m▄\e[38;2;214;177;95;48;2;23;20;22m▄\e[48;2;23;20;22m \e[49;38;2;0;0;0m▀\e[49m \e[49;38;2;0;0;0m▀\e[49m   \e[48;2;23;20;22m \e[38;2;209;125;50;48;2;230;195;111m▄\e[48;2;231;195;111m \e[38;2;230;195;111;48;2;231;195;110m▄\e[38;2;0;0;0;48;2;231;195;111m▄\e[38;2;0;0;0;48;2;209;125;50m▄\e[48;2;0;0;0m \e[38;2;1;0;0;49m▄\e[49m \e[m
\e[49m        \e[38;2;23;20;22;49m▄\e[38;2;231;195;111;48;2;23;20;22m▄\e[38;2;231;195;110;48;2;171;95;35m▄\e[38;2;209;125;50;48;2;214;177;95m▄▄\e[38;2;230;195;111;48;2;171;95;35m▄\e[38;2;209;125;50;48;2;214;176;95m▄\e[38;2;231;195;111;48;2;170;95;35m▄\e[38;2;231;195;111;48;2;171;94;34m▄\e[38;2;231;195;111;48;2;23;20;22m▄\e[38;2;23;20;22;49m▄\e[49m    \e[38;2;0;0;1;48;2;0;1;0m▄\e[48;2;231;195;111m \e[38;2;231;195;111;48;2;209;124;51m▄\e[38;2;231;195;111;48;2;209;125;50m▄\e[38;2;214;177;95;48;2;0;0;0m▄\e[38;2;0;0;0;49m▄\e[49m \e[49;38;2;0;0;0m▀\e[49m \e[m
\e[49m        \e[38;2;23;20;22;48;2;22;20;22m▄\e[38;2;231;195;111;48;2;209;125;51m▄\e[48;2;231;195;111m  \e[38;2;23;21;22;48;2;231;195;111m▄\e[38;2;214;177;95;48;2;231;195;111m▄\e[38;2;23;21;22;48;2;231;195;111m▄\e[48;2;231;195;111m \e[38;2;209;124;50;48;2;231;195;111m▄\e[38;2;209;125;50;48;2;231;195;111m▄\e[38;2;22;20;22;48;2;23;21;22m▄\e[49m     \e[48;2;0;0;0m \e[38;2;208;125;50;48;2;231;195;111m▄\e[48;2;231;195;111m \e[48;2;214;177;95m \e[38;2;0;0;1;48;2;0;0;0m▄\e[49m   \e[m
\e[49m      \e[38;2;23;20;22;49m▄\e[38;2;230;195;111;48;2;23;20;22m▄\e[48;2;23;20;22m \e[38;2;209;125;50;48;2;231;195;111m▄\e[38;2;230;195;111;48;2;209;125;50m▄\e[38;2;214;177;95;48;2;171;94;35m▄\e[38;2;22;20;22;48;2;23;20;22m▄\e[38;2;171;95;35;48;2;214;177;95m▄\e[48;2;23;20;22m \e[38;2;214;177;95;48;2;171;95;35m▄\e[48;2;231;195;111m  \e[48;2;23;20;22m \e[38;2;231;195;111;48;2;23;20;22m▄\e[38;2;0;1;0;49m▄\e[49m   \e[48;2;0;0;0m \e[48;2;231;195;111m \e[38;2;230;194;111;48;2;209;125;50m▄\e[38;2;214;177;95;48;2;171;95;35m▄\e[48;2;0;0;0m \e[49m   \e[m
\e[49m     \e[38;2;23;21;22;49m▄\e[38;2;209;125;50;48;2;23;20;22m▄\e[38;2;209;125;50;48;2;231;195;110m▄\e[38;2;23;20;22;48;2;23;21;22m▄\e[38;2;209;125;50;48;2;230;195;111m▄\e[38;2;230;195;111;48;2;209;125;50m▄\e[38;2;215;177;95;48;2;170;95;35m▄\e[38;2;23;21;22;48;2;23;20;23m▄\e[38;2;171;95;35;48;2;214;177;95m▄\e[38;2;23;20;22;48;2;22;20;22m▄\e[38;2;171;95;35;48;2;214;177;95m▄\e[38;2;231;195;111;48;2;209;125;50m▄▄\e[48;2;23;20;22m \e[38;2;209;125;50;48;2;231;195;111m▄\e[38;2;209;125;50;48;2;23;20;22m▄\e[38;2;23;20;23;49m▄\e[38;2;23;20;22;49m▄\e[38;2;23;20;22;48;2;0;0;0m▄\e[38;2;231;195;111;48;2;209;125;50m▄\e[38;2;209;125;50;48;2;231;195;110m▄\e[38;2;0;1;1;48;2;214;176;95m▄\e[49;38;2;0;0;0m▀\e[49m    \e[m
\e[49m     \e[38;2;23;20;22;48;2;22;20;22m▄\e[38;2;171;95;34;48;2;231;195;111m▄\e[38;2;215;177;95;48;2;171;95;35m▄\e[48;2;23;20;22m \e[38;2;209;125;51;48;2;231;195;111m▄\e[48;2;209;125;50m \e[38;2;171;95;35;48;2;171;94;35m▄\e[48;2;23;20;22m \e[38;2;214;176;95;48;2;214;177;95m▄\e[38;2;23;21;22;48;2;23;20;22m▄\e[38;2;171;95;35;48;2;215;177;95m▄\e[38;2;209;124;50;48;2;231;194;111m▄\e[38;2;231;195;111;48;2;209;125;50m▄\e[38;2;23;20;23;48;2;23;20;22m▄\e[38;2;214;177;95;48;2;209;124;50m▄\e[38;2;171;95;35;48;2;214;177;95m▄\e[38;2;23;20;22;48;2;23;21;22m▄\e[38;2;214;176;95;48;2;209;125;50m▄\e[38;2;171;95;35;48;2;231;195;111m▄\e[38;2;214;177;95;48;2;231;195;111m▄▄\e[38;2;0;1;0;48;2;214;177;95m▄\e[49;38;2;0;0;0m▀\e[38;2;0;0;0;49m▄\e[49m   \e[m
\e[49m      \e[49;38;2;23;20;22m▀▀\e[38;2;23;20;22;48;2;230;195;110m▄\e[38;2;23;20;22;48;2;231;195;111m▄▄\e[38;2;23;20;22;48;2;214;176;95m▄\e[38;2;23;21;22;48;2;23;20;22m▄\e[38;2;23;21;22;48;2;171;95;35m▄\e[48;2;23;20;22m \e[38;2;23;20;22;48;2;214;177;95m▄\e[38;2;23;20;22;48;2;231;195;111m▄▄\e[38;2;23;20;22;48;2;214;177;95m▄\e[48;2;23;20;22m \e[49;38;2;23;20;22m▀\e[49m \e[49;38;2;0;0;1m▀▀\e[49;38;2;0;0;0m▀▀\e[49m      \e[m
