\e[49m         \e[38;2;194;68;80;49m▄▄▄\e[38;2;217;87;99;48;2;194;68;80m▄\e[38;2;217;86;99;48;2;194;68;80m▄\e[38;2;217;87;99;48;2;194;68;80m▄▄▄▄▄▄\e[38;2;194;68;80;49m▄▄▄\e[49m         \e[m
\e[49m      \e[38;2;194;68;80;49m▄\e[38;2;217;86;99;48;2;194;68;80m▄\e[38;2;217;87;99;48;2;194;69;80m▄\e[48;2;217;87;99m \e[38;2;217;86;99;48;2;217;87;99m▄\e[48;2;217;87;99m \e[38;2;255;255;255;48;2;217;87;99m▄▄▄▄\e[38;2;255;255;254;48;2;217;87;99m▄\e[38;2;255;255;255;48;2;217;87;99m▄\e[38;2;255;255;255;48;2;216;87;99m▄▄\e[48;2;217;87;99m   \e[38;2;217;87;99;48;2;194;68;80m▄▄\e[38;2;194;68;81;49m▄\e[49m      \e[m
\e[49m    \e[38;2;194;68;80;49m▄\e[38;2;216;86;99;48;2;194;68;81m▄\e[48;2;217;87;99m  \e[38;2;255;254;255;48;2;216;87;98m▄\e[38;2;255;255;255;48;2;217;87;99m▄\e[38;2;217;87;99;48;2;254;255;255m▄\e[38;2;217;87;99;48;2;255;255;255m▄\e[48;2;217;87;99m   \e[38;2;217;87;98;48;2;217;87;99m▄\e[38;2;217;86;99;48;2;217;87;99m▄\e[38;2;217;87;99;48;2;217;87;98m▄\e[38;2;217;87;99;48;2;216;87;99m▄\e[38;2;217;87;98;48;2;217;87;99m▄\e[38;2;217;87;99;48;2;255;255;255m▄\e[38;2;217;87;99;48;2;255;254;254m▄\e[38;2;255;255;255;48;2;217;87;99m▄\e[38;2;255;254;255;48;2;217;87;99m▄\e[48;2;217;87;99m \e[38;2;217;87;99;48;2;217;86;99m▄\e[38;2;217;87;99;48;2;194;68;80m▄\e[38;2;194;68;80;49m▄\e[49m    \e[m
\e[49m  \e[38;2;194;68;80;49m▄\e[38;2;217;87;98;48;2;194;68;80m▄\e[38;2;217;86;98;48;2;217;87;99m▄\e[48;2;217;87;99m \e[38;2;254;255;255;48;2;217;87;99m▄\e[38;2;217;87;99;48;2;255;254;255m▄\e[38;2;216;87;99;48;2;217;87;99m▄\e[48;2;217;87;99m   \e[38;2;216;87;99;48;2;217;87;99m▄\e[38;2;255;255;255;48;2;217;87;99m▄\e[38;2;255;254;255;48;2;217;87;99m▄\e[38;2;255;255;255;48;2;216;87;99m▄\e[38;2;255;255;255;48;2;217;87;99m▄▄\e[38;2;255;255;254;48;2;217;87;99m▄\e[38;2;217;87;99;48;2;217;86;99m▄\e[38;2;216;87;99;48;2;217;86;99m▄\e[38;2;217;87;99;48;2;217;86;99m▄\e[48;2;217;87;99m  \e[38;2;217;87;99;48;2;255;255;255m▄\e[38;2;255;255;255;48;2;217;87;99m▄\e[48;2;217;87;99m  \e[38;2;217;87;99;48;2;194;68;80m▄\e[38;2;194;68;80;49m▄\e[49m  \e[m
\e[49m \e[38;2;194;68;80;49m▄\e[38;2;217;87;99;48;2;194;69;80m▄\e[38;2;216;87;99;48;2;217;87;99m▄\e[48;2;217;87;99m \e[38;2;254;255;255;48;2;255;255;254m▄\e[48;2;217;87;99m  \e[38;2;217;87;99;48;2;217;86;99m▄▄\e[38;2;216;87;99;48;2;217;87;99m▄\e[48;2;217;87;99m \e[38;2;216;87;99;48;2;217;87;99m▄\e[48;2;255;255;255m \e[38;2;254;255;255;48;2;255;255;255m▄\e[48;2;255;255;255m   \e[38;2;255;255;255;48;2;255;255;254m▄\e[38;2;217;87;98;48;2;217;87;99m▄\e[38;2;217;87;99;48;2;217;86;99m▄\e[48;2;217;87;99m \e[38;2;217;87;99;48;2;216;87;99m▄\e[48;2;217;87;99m   \e[48;2;255;255;255m \e[48;2;217;87;99m  \e[38;2;217;87;99;48;2;194;69;80m▄\e[38;2;194;68;80;49m▄\e[49m \e[m
\e[49m \e[48;2;194;68;80m \e[48;2;217;87;99m  \e[48;2;255;255;255m \e[38;2;217;87;99;48;2;217;86;99m▄\e[48;2;217;87;99m  \e[38;2;217;87;99;48;2;216;87;99m▄\e[48;2;217;87;99m   \e[38;2;217;86;99;48;2;217;87;99m▄\e[38;2;255;255;255;48;2;255;255;254m▄▄\e[48;2;255;255;255m  \e[38;2;255;255;255;48;2;254;255;255m▄\e[48;2;255;255;255m \e[48;2;217;87;99m     \e[38;2;217;87;99;48;2;216;87;98m▄\e[48;2;217;87;99m  \e[38;2;255;254;255;48;2;255;255;255m▄\e[48;2;217;87;99m  \e[38;2;195;68;80;48;2;194;69;80m▄\e[49m \e[m
\e[48;2;194;68;80m \e[48;2;217;87;99m  \e[48;2;255;255;255m \e[48;2;217;87;99m \e[38;2;217;87;99;48;2;217;86;99m▄\e[48;2;217;87;99m \e[38;2;216;87;99;48;2;217;87;99m▄\e[48;2;217;87;99m  \e[38;2;217;87;98;48;2;217;87;99m▄\e[48;2;217;87;99m  \e[48;2;255;255;255m      \e[48;2;217;87;99m         \e[48;2;255;255;255m \e[48;2;217;87;99m \e[38;2;217;87;99;48;2;216;87;98m▄\e[38;2;195;68;80;48;2;194;68;81m▄\e[m
\e[38;2;194;68;81;48;2;194;68;80m▄\e[38;2;217;87;99;48;2;216;87;99m▄▄\e[48;2;255;255;255m \e[48;2;217;87;99m   \e[38;2;216;87;99;48;2;217;87;99m▄\e[48;2;217;87;99m     \e[38;2;217;87;99;48;2;216;87;99m▄\e[38;2;255;255;254;48;2;254;255;255m▄\e[38;2;255;254;255;48;2;255;255;255m▄\e[48;2;255;255;255m  \e[38;2;216;87;99;48;2;217;87;99m▄\e[48;2;217;87;99m \e[38;2;217;87;99;48;2;216;87;99m▄\e[38;2;216;87;99;48;2;217;87;99m▄\e[48;2;217;87;99m   \e[38;2;217;87;98;48;2;217;87;99m▄▄\e[48;2;217;87;99m \e[48;2;255;255;255m \e[38;2;216;87;99;48;2;217;87;98m▄\e[48;2;217;87;99m \e[48;2;194;68;80m \e[m
\e[48;2;194;68;80m \e[38;2;217;86;99;48;2;217;87;99m▄▄\e[48;2;255;255;255m \e[38;2;217;87;98;48;2;217;87;99m▄\e[48;2;217;87;99m   \e[38;2;217;86;99;48;2;216;87;99m▄\e[48;2;217;87;99m  \e[38;2;217;87;99;48;2;217;86;99m▄\e[48;2;217;87;99m  \e[38;2;255;255;255;48;2;254;255;255m▄\e[48;2;255;255;255m  \e[38;2;255;254;255;48;2;255;255;255m▄\e[38;2;217;87;98;48;2;217;86;99m▄\e[48;2;217;87;99m \e[38;2;217;87;99;48;2;217;87;98m▄\e[48;2;217;87;99m  \e[38;2;217;87;99;48;2;217;86;99m▄\e[48;2;217;87;99m   \e[38;2;217;87;98;48;2;217;87;99m▄\e[48;2;255;255;255m \e[48;2;217;87;99m \e[38;2;217;87;99;48;2;217;86;99m▄\e[48;2;194;68;80m \e[m
\e[48;2;194;68;80m \e[48;2;217;87;99m  \e[48;2;255;255;255m \e[48;2;217;87;99m \e[38;2;217;87;99;48;2;216;87;99m▄\e[48;2;217;87;99m  \e[38;2;217;87;99;48;2;217;86;99m▄\e[38;2;217;87;99;48;2;217;87;98m▄\e[48;2;217;87;98m \e[48;2;217;87;99m   \e[48;2;255;255;255m    \e[48;2;217;87;99m \e[38;2;216;87;99;48;2;217;87;99m▄\e[48;2;217;87;99m    \e[38;2;216;87;99;48;2;217;87;99m▄\e[38;2;217;87;99;48;2;217;86;99m▄\e[38;2;217;87;98;48;2;217;87;99m▄\e[38;2;217;87;99;48;2;217;87;98m▄\e[48;2;255;255;255m \e[38;2;217;87;98;48;2;216;87;99m▄\e[48;2;217;87;99m \e[48;2;194;68;80m \e[m
\e[49m \e[38;2;194;69;80;48;2;194;68;80m▄\e[38;2;217;87;99;48;2;217;86;99m▄\e[38;2;216;87;99;48;2;217;87;99m▄\e[38;2;254;255;255;48;2;255;255;255m▄\e[48;2;217;87;99m  \e[38;2;217;87;99;48;2;217;87;98m▄\e[48;2;217;87;99m \e[38;2;217;87;99;48;2;216;87;99m▄\e[48;2;217;87;99m    \e[38;2;217;87;99;48;2;254;255;254m▄\e[38;2;217;87;99;48;2;255;255;254m▄\e[38;2;216;86;99;48;2;255;254;255m▄\e[38;2;217;87;99;48;2;255;255;255m▄\e[48;2;217;87;99m   \e[38;2;217;87;99;48;2;217;87;98m▄▄\e[48;2;217;87;99m   \e[38;2;217;87;99;48;2;216;87;99m▄\e[48;2;255;255;255m \e[48;2;217;87;99m \e[38;2;217;87;98;48;2;217;87;99m▄\e[48;2;194;68;80m \e[49m \e[m
\e[49m \e[49;38;2;194;68;80m▀\e[38;2;194;68;80;48;2;217;87;98m▄\e[48;2;217;87;99m  \e[38;2;255;255;255;48;2;255;255;254m▄\e[48;2;217;87;99m \e[38;2;217;87;98;48;2;217;87;99m▄\e[38;2;216;87;99;48;2;217;87;99m▄\e[48;2;217;87;99m \e[38;2;217;87;98;48;2;217;87;99m▄\e[48;2;217;87;99m  \e[48;2;217;87;98m \e[38;2;255;255;255;48;2;217;86;99m▄\e[48;2;255;255;255m  \e[38;2;255;255;255;48;2;217;87;99m▄\e[48;2;217;87;99m    \e[38;2;217;87;98;48;2;217;87;99m▄\e[38;2;216;87;99;48;2;217;87;99m▄\e[48;2;217;87;99m \e[38;2;217;87;98;48;2;216;87;99m▄\e[48;2;255;255;255m \e[48;2;217;87;99m \e[38;2;217;87;98;48;2;217;87;99m▄\e[38;2;194;68;80;48;2;217;87;99m▄\e[49;38;2;194;68;80m▀\e[49m \e[m
\e[49m  \e[49;38;2;194;68;80m▀\e[38;2;194;68;80;48;2;216;87;99m▄\e[48;2;217;87;99m \e[38;2;217;87;99;48;2;217;87;98m▄\e[38;2;217;87;98;48;2;255;255;255m▄\e[38;2;255;255;255;48;2;217;87;99m▄\e[48;2;217;87;99m \e[38;2;216;87;99;48;2;217;87;99m▄\e[48;2;217;87;99m    \e[38;2;217;87;99;48;2;254;255;255m▄\e[48;2;255;255;255m  \e[38;2;216;87;99;48;2;255;254;255m▄\e[48;2;217;87;99m     \e[38;2;216;86;99;48;2;217;87;99m▄\e[38;2;255;254;255;48;2;217;87;99m▄\e[38;2;217;87;99;48;2;254;255;255m▄\e[38;2;217;87;99;48;2;216;87;99m▄\e[38;2;217;86;99;48;2;217;87;99m▄\e[38;2;194;68;80;48;2;217;87;99m▄\e[49;38;2;194;68;80m▀\e[49m  \e[m
\e[49m    \e[49;38;2;194;68;80m▀\e[38;2;194;68;80;48;2;217;87;99m▄\e[38;2;217;86;99;48;2;217;87;99m▄\e[48;2;217;87;99m \e[38;2;217;87;99;48;2;255;255;255m▄▄\e[38;2;255;255;254;48;2;217;87;99m▄\e[38;2;255;255;255;48;2;217;86;99m▄\e[48;2;217;87;99m   \e[38;2;217;87;99;48;2;217;86;99m▄\e[48;2;217;87;99m \e[38;2;217;87;99;48;2;217;87;98m▄\e[48;2;217;87;99m \e[38;2;217;87;98;48;2;217;87;99m▄\e[38;2;255;255;255;48;2;216;87;99m▄\e[38;2;255;255;255;48;2;217;87;99m▄\e[38;2;217;87;99;48;2;255;255;255m▄▄\e[48;2;217;87;99m  \e[38;2;194;68;80;48;2;217;87;99m▄\e[49;38;2;194;68;80m▀\e[49m    \e[m
\e[49m      \e[49;38;2;194;68;80m▀\e[38;2;194;68;80;48;2;217;87;99m▄▄\e[48;2;217;87;99m   \e[38;2;217;87;99;48;2;255;255;255m▄▄▄▄▄\e[38;2;217;87;99;48;2;255;255;254m▄\e[38;2;217;87;99;48;2;254;254;255m▄\e[38;2;217;87;99;48;2;255;254;255m▄\e[48;2;217;87;99m   \e[38;2;194;68;80;48;2;217;87;99m▄▄\e[49;38;2;194;68;80m▀\e[49m      \e[m
\e[49m         \e[49;38;2;194;69;80m▀\e[49;38;2;194;68;81m▀\e[49;38;2;194;68;80m▀\e[38;2;194;68;80;48;2;217;87;99m▄▄\e[38;2;194;68;80;48;2;216;87;99m▄\e[38;2;194;68;80;48;2;217;87;99m▄▄▄▄▄\e[49;38;2;194;68;80m▀▀▀\e[49m         \e[m
