\e[49m      \e[38;2;255;201;133;49m▄▄▄\e[49m         \e[38;2;255;201;133;49m▄▄▄\e[49m           \e[m
\e[49m      \e[48;2;255;201;133m \e[48;2;255;219;173m  \e[38;2;255;219;173;48;2;255;201;133m▄\e[38;2;255;201;133;49m▄\e[49m     \e[38;2;255;201;133;49m▄\e[38;2;255;219;173;48;2;255;201;133m▄\e[48;2;255;219;173m  \e[48;2;255;201;133m \e[49m           \e[m
\e[49m      \e[48;2;255;201;133m \e[48;2;255;219;173m  \e[38;2;255;201;133;48;2;255;219;173m▄▄\e[38;2;255;219;173;48;2;255;201;133m▄▄▄▄▄\e[38;2;255;201;133;48;2;255;219;173m▄▄\e[48;2;255;219;173m  \e[48;2;255;201;133m \e[49m           \e[m
\e[49m      \e[48;2;255;201;133m \e[38;2;255;201;133;48;2;255;219;173m▄\e[38;2;255;219;173;48;2;255;201;133m▄\e[48;2;255;219;173m         \e[38;2;255;219;173;48;2;255;201;133m▄\e[38;2;255;201;133;48;2;255;219;173m▄\e[48;2;255;201;133m \e[49m           \e[m
\e[49m      \e[48;2;255;201;133m \e[38;2;255;219;173;48;2;255;201;133m▄\e[48;2;255;219;173m           \e[38;2;255;219;173;48;2;255;201;133m▄\e[48;2;255;201;133m \e[49m           \e[m
\e[49m      \e[48;2;255;201;133m \e[48;2;255;219;173m   \e[48;2;0;0;0m \e[48;2;255;219;173m     \e[48;2;0;0;0m \e[48;2;255;219;173m   \e[48;2;255;201;133m \e[49m           \e[m
\e[49m      \e[48;2;255;201;133m \e[38;2;255;229;196;48;2;255;255;255m▄\e[38;2;255;255;255;48;2;255;219;173m▄\e[48;2;255;219;173m \e[38;2;255;219;173;48;2;0;0;0m▄\e[48;2;255;219;173m     \e[38;2;255;219;173;48;2;0;0;0m▄\e[48;2;255;219;173m \e[38;2;255;255;255;48;2;255;219;173m▄\e[38;2;255;229;196;48;2;255;255;255m▄\e[48;2;255;201;133m \e[49m           \e[m
\e[49m       \e[48;2;255;201;133m \e[38;2;255;255;255;48;2;255;229;196m▄\e[38;2;255;219;173;48;2;255;255;255m▄\e[48;2;255;219;173m  \e[38;2;0;0;0;48;2;255;219;173m▄\e[38;2;255;219;173;48;2;0;0;0m▄\e[38;2;0;0;0;48;2;255;219;173m▄\e[48;2;255;219;173m  \e[38;2;255;219;173;48;2;255;255;255m▄\e[38;2;255;255;255;48;2;255;229;196m▄\e[48;2;255;201;133m \e[49m    \e[38;2;255;201;133;49m▄\e[38;2;255;219;173;48;2;255;201;133m▄▄\e[38;2;255;201;133;49m▄\e[49m    \e[m
\e[49m       \e[49;38;2;255;255;255m▀\e[49;38;2;255;201;133m▀\e[38;2;255;201;133;48;2;255;219;173m▄▄\e[48;2;255;219;173m     \e[38;2;255;201;133;48;2;255;219;173m▄▄\e[49;38;2;255;201;133m▀\e[49;38;2;255;255;255m▀\e[49m   \e[48;2;255;201;133m \e[48;2;255;219;173m \e[38;2;255;201;133;48;2;255;219;173m▄\e[49;38;2;255;201;133m▀\e[49m     \e[m
\e[49m          \e[48;2;255;201;133m \e[38;2;255;219;173;48;2;255;201;133m▄▄▄▄▄\e[48;2;255;201;133m \e[49m      \e[48;2;255;201;133m \e[48;2;255;219;173m \e[38;2;255;219;173;48;2;255;201;133m▄\e[38;2;255;201;133;49m▄\e[49m     \e[m
\e[49m        \e[38;2;255;201;133;49m▄\e[38;2;255;219;173;48;2;255;201;133m▄\e[48;2;255;219;173m       \e[38;2;255;219;173;48;2;255;201;133m▄\e[38;2;255;201;133;49m▄\e[49m     \e[49;38;2;255;201;133m▀\e[38;2;255;201;133;48;2;255;219;173m▄\e[48;2;255;219;173m \e[48;2;255;201;133m \e[49m    \e[m
\e[49m        \e[48;2;255;201;133m \e[48;2;255;219;173m   \e[38;2;255;201;133;48;2;255;219;173m▄\e[48;2;255;219;173m \e[38;2;255;201;133;48;2;255;219;173m▄\e[48;2;255;219;173m   \e[48;2;255;201;133m \e[49m      \e[48;2;255;201;133m \e[48;2;255;219;173m \e[48;2;255;201;133m \e[49m    \e[m
\e[49m      \e[38;2;255;201;133;49m▄\e[38;2;255;219;173;48;2;255;201;133m▄\e[48;2;255;201;133m \e[48;2;255;219;173m   \e[48;2;255;201;133m \e[48;2;255;219;173m \e[48;2;255;201;133m \e[48;2;255;219;173m   \e[48;2;255;201;133m \e[38;2;255;219;173;48;2;255;201;133m▄\e[38;2;255;201;133;49m▄\e[49m   \e[38;2;255;201;133;49m▄\e[38;2;255;219;173;48;2;255;201;133m▄\e[48;2;255;219;173m \e[48;2;255;201;133m \e[49m    \e[m
\e[49m     \e[38;2;255;201;133;49m▄\e[38;2;255;219;173;48;2;255;201;133m▄\e[48;2;255;219;173m \e[48;2;255;201;133m \e[48;2;255;219;173m   \e[48;2;255;201;133m \e[48;2;255;219;173m \e[48;2;255;201;133m \e[48;2;255;219;173m   \e[48;2;255;201;133m \e[48;2;255;219;173m \e[38;2;255;219;173;48;2;255;201;133m▄\e[38;2;255;201;133;49m▄▄▄\e[38;2;255;219;173;48;2;255;201;133m▄\e[48;2;255;219;173m \e[48;2;255;201;133m \e[49m     \e[m
\e[49m     \e[48;2;255;201;133m \e[48;2;255;219;173m  \e[48;2;255;201;133m \e[48;2;255;219;173m   \e[48;2;255;201;133m \e[48;2;255;219;173m \e[48;2;255;201;133m \e[48;2;255;219;173m   \e[48;2;255;201;133m \e[48;2;255;219;173m  \e[48;2;255;201;133m \e[38;2;255;201;133;48;2;255;219;173m▄▄▄\e[49;38;2;255;201;133m▀\e[49m      \e[m
\e[49m      \e[49;38;2;255;201;133m▀▀\e[38;2;255;201;133;48;2;255;219;173m▄▄▄▄\e[48;2;255;201;133m \e[38;2;255;201;133;48;2;255;219;173m▄\e[48;2;255;201;133m \e[38;2;255;201;133;48;2;255;219;173m▄▄▄▄\e[48;2;255;201;133m \e[49;38;2;255;201;133m▀\e[49m           \e[m
