\e[49m        \e[38;2;92;93;92;49m▄\e[38;2;92;92;92;49m▄▄\e[49m         \e[38;2;92;92;92;49m▄\e[38;2;92;92;93;49m▄\e[38;2;92;92;92;49m▄\e[49m         \e[m
\e[49m        \e[48;2;92;92;92m \e[38;2;160;162;163;48;2;190;193;194m▄\e[48;2;190;193;194m \e[38;2;190;192;194;48;2;92;92;92m▄\e[38;2;92;92;92;49m▄\e[49m     \e[38;2;92;92;92;49m▄\e[38;2;190;193;194;48;2;92;92;92m▄\e[38;2;191;193;194;48;2;190;192;194m▄\e[38;2;160;162;163;48;2;190;193;195m▄\e[48;2;92;92;92m \e[49m         \e[m
\e[49m        \e[38;2;92;92;92;48;2;93;92;92m▄\e[38;2;160;162;162;48;2;160;162;163m▄\e[48;2;160;162;163m \e[38;2;92;92;92;48;2;190;193;194m▄▄\e[38;2;160;162;163;48;2;92;92;92m▄\e[38;2;190;192;194;48;2;92;92;92m▄\e[38;2;160;162;163;48;2;92;92;92m▄\e[38;2;190;193;195;48;2;92;92;92m▄\e[38;2;160;162;163;48;2;92;92;92m▄\e[38;2;92;93;92;48;2;190;193;194m▄\e[38;2;92;92;92;48;2;190;193;194m▄\e[48;2;160;162;163m \e[38;2;160;162;163;48;2;161;162;163m▄\e[48;2;92;92;92m \e[49m         \e[m
\e[49m        \e[38;2;93;92;92;48;2;92;92;93m▄\e[38;2;92;92;92;48;2;161;162;163m▄\e[38;2;190;193;194;48;2;92;92;92m▄\e[48;2;190;193;194m \e[38;2;190;193;194;48;2;191;193;194m▄\e[38;2;190;193;194;48;2;160;162;163m▄\e[38;2;190;193;194;48;2;191;193;194m▄\e[38;2;190;193;194;48;2;160;162;163m▄\e[48;2;190;193;194m \e[38;2;190;193;194;48;2;160;162;163m▄\e[38;2;190;192;194;48;2;190;193;194m▄\e[48;2;190;193;194m \e[38;2;190;193;194;48;2;92;92;92m▄\e[38;2;92;92;92;48;2;160;162;163m▄\e[48;2;92;92;92m \e[49m         \e[m
\e[49m        \e[48;2;92;92;92m \e[38;2;190;193;194;48;2;92;93;92m▄\e[38;2;190;193;195;48;2;190;193;194m▄▄\e[48;2;190;193;194m     \e[38;2;190;193;194;48;2;190;192;194m▄\e[48;2;190;193;194m \e[38;2;190;192;195;48;2;190;193;194m▄\e[48;2;190;193;194m \e[38;2;190;193;194;48;2;92;92;92m▄\e[48;2;92;92;92m \e[49m         \e[m
\e[49m        \e[38;2;93;92;92;48;2;92;92;92m▄\e[48;2;190;193;194m \e[38;2;190;193;194;48;2;190;193;195m▄\e[48;2;190;193;194m \e[48;2;0;0;0m \e[48;2;190;193;194m   \e[38;2;190;192;194;48;2;190;193;194m▄\e[48;2;190;193;194m \e[48;2;0;0;0m \e[48;2;190;193;194m \e[38;2;190;193;194;48;2;190;193;195m▄▄\e[38;2;93;92;92;48;2;92;93;92m▄\e[49m         \e[m
\e[49m        \e[48;2;92;92;92m \e[38;2;190;193;194;48;2;255;255;255m▄\e[38;2;255;255;255;48;2;190;193;194m▄\e[48;2;190;193;194m \e[38;2;190;193;194;48;2;0;0;0m▄\e[48;2;190;193;194m   \e[38;2;190;193;194;48;2;190;192;194m▄\e[38;2;190;193;194;48;2;190;193;195m▄\e[38;2;190;193;194;48;2;0;0;0m▄\e[38;2;190;193;194;48;2;191;193;194m▄\e[38;2;255;255;255;48;2;190;193;194m▄\e[38;2;190;193;194;48;2;255;255;255m▄\e[48;2;92;92;92m \e[49m         \e[m
\e[49m         \e[48;2;92;92;92m \e[38;2;255;255;255;48;2;190;193;194m▄\e[38;2;190;193;194;48;2;255;254;255m▄\e[38;2;190;193;194;48;2;191;193;194m▄\e[38;2;255;255;255;48;2;190;193;194m▄\e[38;2;0;0;0;48;2;255;255;255m▄\e[38;2;255;255;255;48;2;0;0;0m▄\e[38;2;0;0;0;48;2;255;255;255m▄\e[38;2;255;255;255;48;2;190;193;194m▄\e[48;2;190;193;194m \e[38;2;190;193;194;48;2;255;255;255m▄\e[38;2;255;255;255;48;2;190;193;195m▄\e[48;2;92;92;92m \e[49m    \e[38;2;92;92;92;49m▄\e[38;2;190;193;194;48;2;92;92;92m▄\e[38;2;190;193;195;48;2;93;92;92m▄\e[38;2;92;93;92;49m▄\e[49m  \e[m
\e[49m         \e[49;38;2;255;255;255m▀\e[49;38;2;92;92;92m▀\e[38;2;92;92;92;48;2;190;192;194m▄\e[38;2;92;92;92;48;2;255;255;255m▄\e[48;2;255;255;255m  \e[38;2;254;254;255;48;2;255;255;254m▄\e[38;2;255;255;255;48;2;254;255;255m▄\e[48;2;255;255;255m \e[38;2;92;92;92;48;2;255;255;255m▄\e[38;2;92;92;92;48;2;190;193;194m▄\e[49;38;2;92;92;92m▀\e[49;38;2;255;255;255m▀\e[49m   \e[48;2;92;92;92m \e[38;2;190;193;195;48;2;190;193;194m▄\e[38;2;92;92;92;48;2;190;193;194m▄\e[49;38;2;92;92;92m▀\e[49m   \e[m
\e[49m            \e[38;2;92;92;92;48;2;173;50;50m▄\e[38;2;190;193;194;48;2;172;50;50m▄\e[38;2;190;193;194;48;2;172;50;51m▄\e[38;2;190;193;194;48;2;255;250;143m▄\e[38;2;190;193;194;48;2;172;51;50m▄\e[38;2;191;193;194;48;2;172;50;50m▄\e[38;2;92;92;92;48;2;172;50;50m▄\e[49m      \e[48;2;92;92;92m \e[38;2;190;193;194;48;2;190;193;195m▄\e[38;2;190;193;194;48;2;92;92;92m▄\e[38;2;92;92;92;49m▄\e[49m   \e[m
\e[49m          \e[38;2;92;93;92;49m▄\e[38;2;190;193;194;48;2;92;92;92m▄\e[48;2;190;193;194m  \e[38;2;190;193;194;48;2;190;193;195m▄\e[38;2;255;255;255;48;2;190;193;194m▄\e[48;2;190;193;194m  \e[38;2;190;193;195;48;2;190;193;194m▄\e[38;2;190;193;194;48;2;92;92;92m▄\e[38;2;92;92;92;49m▄\e[49m     \e[49;38;2;92;92;92m▀\e[38;2;92;92;92;48;2;190;193;194m▄\e[38;2;191;193;194;48;2;190;193;194m▄\e[48;2;92;92;92m \e[49m  \e[m
\e[49m          \e[38;2;92;92;92;48;2;92;93;92m▄\e[48;2;190;193;194m \e[38;2;190;193;195;48;2;190;193;194m▄\e[48;2;190;193;194m \e[38;2;92;93;92;48;2;255;255;255m▄\e[48;2;255;255;255m \e[38;2;92;92;93;48;2;255;255;254m▄\e[48;2;190;193;194m   \e[48;2;92;92;92m \e[49m      \e[48;2;92;92;92m \e[48;2;190;193;194m \e[48;2;92;92;92m \e[49m  \e[m
\e[49m        \e[38;2;92;92;92;49m▄\e[38;2;190;193;194;48;2;92;92;92m▄\e[48;2;92;92;92m \e[48;2;190;193;194m \e[38;2;190;193;194;48;2;190;193;195m▄\e[38;2;190;193;194;48;2;190;192;194m▄\e[38;2;92;93;92;48;2;92;92;92m▄\e[48;2;255;255;255m \e[48;2;92;92;92m \e[38;2;190;193;194;48;2;190;192;194m▄\e[38;2;190;193;195;48;2;190;193;194m▄\e[48;2;190;193;194m \e[38;2;93;92;92;48;2;92;92;92m▄\e[38;2;190;193;194;48;2;92;92;92m▄\e[38;2;92;92;92;49m▄\e[49m   \e[38;2;92;92;92;49m▄\e[38;2;190;193;194;48;2;92;92;92m▄\e[48;2;190;193;194m \e[48;2;92;92;92m \e[49m  \e[m
\e[49m       \e[38;2;92;92;92;49m▄\e[38;2;190;192;194;48;2;92;92;92m▄\e[48;2;190;193;194m \e[48;2;92;92;92m \e[48;2;190;193;194m   \e[48;2;92;92;92m \e[48;2;255;255;255m \e[38;2;92;93;92;48;2;92;92;92m▄\e[48;2;190;193;194m \e[38;2;190;192;194;48;2;190;193;194m▄\e[48;2;190;193;194m \e[48;2;92;92;92m \e[38;2;190;193;194;48;2;190;192;194m▄\e[38;2;190;193;194;48;2;92;92;92m▄\e[38;2;92;92;92;49m▄▄▄\e[38;2;190;193;194;48;2;92;92;92m▄\e[48;2;190;193;194m \e[48;2;92;92;92m \e[49m   \e[m
\e[49m       \e[38;2;92;92;92;48;2;92;92;93m▄\e[38;2;190;192;194;48;2;191;193;194m▄\e[48;2;190;193;194m \e[48;2;92;92;92m \e[48;2;190;193;194m   \e[48;2;92;92;92m \e[48;2;255;255;255m \e[48;2;92;92;92m \e[38;2;190;193;194;48;2;191;193;194m▄\e[48;2;190;193;194m \e[38;2;190;193;194;48;2;190;192;194m▄\e[38;2;92;92;93;48;2;92;92;92m▄\e[48;2;190;193;194m  \e[38;2;92;92;92;48;2;93;92;92m▄\e[38;2;92;92;92;48;2;190;193;195m▄\e[38;2;92;93;92;48;2;191;192;194m▄\e[38;2;92;92;92;48;2;190;193;194m▄\e[49;38;2;92;92;92m▀\e[49m    \e[m
\e[49m        \e[49;38;2;92;93;92m▀\e[48;2;92;92;92m \e[38;2;92;92;92;48;2;190;193;194m▄\e[38;2;92;93;92;48;2;160;162;163m▄\e[38;2;92;92;92;48;2;190;192;194m▄\e[38;2;92;92;92;48;2;160;162;163m▄\e[48;2;92;92;92m \e[38;2;92;92;92;48;2;255;255;255m▄\e[48;2;92;92;92m \e[38;2;92;92;92;48;2;160;162;163m▄\e[38;2;92;92;92;48;2;190;193;194m▄\e[38;2;92;92;92;48;2;160;162;163m▄\e[38;2;92;92;92;48;2;190;193;194m▄\e[38;2;92;92;92;48;2;93;92;92m▄\e[49;38;2;92;92;92m▀\e[49m         \e[m
