\e[49m        \e[38;2;255;175;94;49m▄\e[38;2;251;184;116;48;2;255;175;94m▄▄\e[38;2;255;175;94;49m▄\e[49m       \e[38;2;255;175;94;49m▄\e[38;2;251;184;116;48;2;255;175;94m▄▄\e[38;2;255;175;94;49m▄\e[49m         \e[m
\e[49m        \e[48;2;255;175;94m \e[48;2;255;229;196m \e[38;2;255;229;196;48;2;251;184;116m▄\e[48;2;251;184;116m \e[38;2;251;184;116;48;2;255;175;94m▄\e[38;2;255;175;94;49m▄▄▄▄▄\e[38;2;251;184;116;48;2;255;175;94m▄\e[48;2;251;184;116m \e[38;2;255;229;196;48;2;251;184;116m▄\e[48;2;255;229;196m \e[48;2;255;175;94m \e[49m         \e[m
\e[49m        \e[48;2;255;175;94m \e[48;2;255;229;196m  \e[38;2;255;175;94;48;2;251;184;116m▄\e[38;2;251;184;116;48;2;255;175;94m▄\e[48;2;251;184;116m     \e[38;2;251;184;116;48;2;255;175;94m▄\e[38;2;255;175;94;48;2;251;184;116m▄\e[48;2;255;229;196m  \e[48;2;255;175;94m \e[49m         \e[m
\e[49m        \e[49;38;2;255;175;94m▀\e[38;2;255;175;94;48;2;255;229;196m▄\e[38;2;251;184;116;48;2;255;175;94m▄\e[48;2;251;184;116m  \e[38;2;12;12;12;48;2;251;184;116m▄\e[48;2;251;184;116m   \e[38;2;12;12;12;48;2;251;184;116m▄\e[48;2;251;184;116m  \e[38;2;251;184;116;48;2;255;175;94m▄\e[38;2;255;175;94;48;2;255;229;196m▄\e[49;38;2;255;175;94m▀\e[49m         \e[m
\e[49m         \e[38;2;255;255;255;48;2;255;175;94m▄\e[48;2;251;184;116m   \e[48;2;12;12;12m \e[48;2;251;184;116m   \e[48;2;12;12;12m \e[48;2;251;184;116m   \e[38;2;255;255;255;48;2;255;175;94m▄\e[49m          \e[m
\e[49m         \e[48;2;255;175;94m \e[38;2;251;184;116;48;2;255;255;255m▄\e[38;2;255;255;255;48;2;251;184;116m▄\e[48;2;251;184;116m  \e[38;2;255;229;196;48;2;251;184;116m▄▄▄\e[48;2;251;184;116m  \e[38;2;255;255;255;48;2;251;184;116m▄\e[38;2;251;184;116;48;2;255;255;255m▄\e[48;2;255;175;94m \e[49m          \e[m
\e[49m         \e[38;2;255;255;255;49m▄\e[49;38;2;255;255;255m▀\e[38;2;255;175;94;48;2;251;184;116m▄\e[38;2;255;229;196;48;2;251;184;116m▄\e[48;2;255;229;196m \e[38;2;12;12;12;48;2;255;229;196m▄\e[38;2;255;229;196;48;2;12;12;12m▄\e[38;2;12;12;12;48;2;255;229;196m▄\e[48;2;255;229;196m \e[38;2;255;229;196;48;2;251;184;116m▄\e[38;2;255;175;94;48;2;251;184;116m▄\e[49;38;2;255;255;255m▀\e[38;2;255;255;255;49m▄\e[49m   \e[48;2;255;175;94m \e[38;2;251;184;116;48;2;255;175;94m▄▄▄\e[38;2;255;229;196;48;2;255;175;94m▄\e[38;2;255;175;94;49m▄\e[49m \e[m
\e[49m            \e[49;38;2;255;175;94m▀\e[38;2;255;175;94;48;2;255;229;196m▄▄▄▄▄\e[49;38;2;255;175;94m▀\e[49m     \e[48;2;255;175;94m \e[48;2;251;184;116m  \e[38;2;255;175;94;48;2;251;184;116m▄\e[38;2;255;175;94;48;2;255;229;196m▄\e[48;2;255;229;196m  \e[48;2;255;175;94m \e[m
\e[49m            \e[38;2;255;175;94;49m▄\e[38;2;251;184;116;48;2;255;175;94m▄\e[48;2;251;184;116m   \e[38;2;251;184;116;48;2;255;175;94m▄\e[38;2;255;175;94;49m▄\e[49m     \e[48;2;255;175;94m \e[48;2;251;184;116m  \e[48;2;255;175;94m \e[49m \e[49;38;2;255;175;94m▀▀\e[49m \e[m
\e[49m           \e[48;2;255;175;94m \e[48;2;251;184;116m       \e[48;2;255;175;94m \e[49m    \e[48;2;255;175;94m \e[48;2;251;184;116m  \e[48;2;255;175;94m \e[38;2;255;175;94;49m▄\e[49m   \e[m
\e[49m          \e[48;2;255;175;94m \e[38;2;251;184;116;48;2;255;175;94m▄\e[48;2;251;184;116m \e[38;2;255;175;94;48;2;251;184;116m▄\e[38;2;255;229;196;48;2;251;184;116m▄\e[48;2;255;229;196m \e[38;2;255;229;196;48;2;251;184;116m▄\e[38;2;255;175;94;48;2;251;184;116m▄\e[48;2;251;184;116m \e[38;2;251;184;116;48;2;255;175;94m▄\e[48;2;255;175;94m \e[49m   \e[48;2;255;175;94m \e[38;2;255;175;94;48;2;251;184;116m▄\e[48;2;251;184;116m  \e[48;2;255;175;94m \e[49m   \e[m
\e[49m        \e[38;2;255;175;94;49m▄▄\e[48;2;255;175;94m \e[48;2;251;184;116m  \e[48;2;255;175;94m \e[48;2;255;229;196m   \e[48;2;255;175;94m \e[48;2;251;184;116m  \e[48;2;255;175;94m \e[38;2;255;175;94;49m▄▄\e[49m  \e[48;2;255;175;94m \e[48;2;251;184;116m  \e[48;2;255;175;94m \e[49m   \e[m
\e[49m       \e[48;2;255;175;94m \e[38;2;251;184;116;48;2;255;175;94m▄\e[48;2;251;184;116m \e[48;2;255;175;94m \e[48;2;251;184;116m  \e[48;2;255;175;94m \e[48;2;255;229;196m   \e[48;2;255;175;94m \e[48;2;251;184;116m  \e[48;2;255;175;94m \e[48;2;251;184;116m \e[38;2;251;184;116;48;2;255;175;94m▄\e[48;2;255;175;94m \e[49m \e[48;2;255;175;94m \e[48;2;251;184;116m  \e[48;2;255;175;94m \e[49m   \e[m
\e[49m       \e[48;2;255;175;94m \e[48;2;251;184;116m \e[48;2;255;175;94m \e[38;2;251;184;116;48;2;255;175;94m▄\e[48;2;251;184;116m  \e[48;2;255;175;94m \e[48;2;255;229;196m   \e[48;2;255;175;94m \e[48;2;251;184;116m  \e[48;2;255;175;94m \e[38;2;255;175;94;48;2;251;184;116m▄\e[48;2;251;184;116m \e[48;2;255;175;94m \e[38;2;251;184;116;48;2;255;175;94m▄▄\e[48;2;251;184;116m  \e[48;2;255;175;94m \e[49m   \e[m
\e[49m      \e[48;2;255;175;94m \e[38;2;251;184;116;48;2;255;175;94m▄\e[48;2;251;184;116m \e[48;2;255;175;94m \e[38;2;255;229;196;48;2;251;184;116m▄▄\e[48;2;251;184;116m \e[48;2;255;175;94m \e[48;2;255;229;196m   \e[48;2;255;175;94m \e[48;2;251;184;116m \e[38;2;255;229;196;48;2;251;184;116m▄▄\e[48;2;255;175;94m \e[48;2;251;184;116m \e[38;2;251;184;116;48;2;255;175;94m▄\e[48;2;255;175;94m \e[38;2;255;175;94;48;2;251;184;116m▄▄\e[49;38;2;255;175;94m▀\e[49m    \e[m
\e[49m      \e[48;2;255;175;94m \e[38;2;255;175;94;48;2;255;229;196m▄▄\e[48;2;255;175;94m \e[38;2;255;175;94;48;2;255;229;196m▄▄▄\e[48;2;255;175;94m \e[38;2;255;175;94;48;2;255;229;196m▄▄▄\e[48;2;255;175;94m \e[38;2;255;175;94;48;2;255;229;196m▄▄▄\e[48;2;255;175;94m \e[38;2;255;175;94;48;2;255;229;196m▄▄\e[48;2;255;175;94m \e[49m       \e[m
